0.000005 -0.999904 -0.736864 0.511174 0.000080 0.000061 -0.000036
0.000007 0.065535 -0.562038 -0.905821 0.000001 0.000044 0.000090
0.000005 0.358558 0.869295 -0.232963 -0.000035 -0.000091 0.000033
0.000005 0.661891 -0.930794 -0.893011 -0.000040 0.000062 0.000066
0.000001 0.342270 -0.984512 -0.233143 -0.000029 0.000092 0.000026
0.000009 -0.165010 0.373497 0.177944 0.000018 -0.000048 -0.000009
0.000007 0.692279 0.053849 -0.815987 -0.000055 -0.000009 0.000084
0.000008 -0.167990 0.402341 0.820554 0.000011 -0.000040 -0.000088
0.000003 -0.475052 -0.904984 0.472122 0.000042 0.000087 -0.000042
0.000004 0.265244 0.512775 0.981983 -0.000033 -0.000046 -0.000092
0.000008 -0.505878 0.965009 0.445290 0.000044 -0.000092 -0.000031
0.000009 0.303005 -0.854540 0.263243 -0.000032 0.000089 -0.000026
0.000005 -0.454529 -0.127157 0.532931 0.000051 0.000020 -0.000059
0.000002 -0.524393 -0.450138 -0.281424 0.000058 0.000049 0.000046
0.000001 -0.026970 0.795236 0.818341 -0.000005 -0.000076 -0.000075
0.000003 0.809214 0.009045 0.032581 -0.000092 -0.000001 -0.000003
0.000001 0.973196 -0.012048 -0.467665 -0.000089 -0.000001 0.000046
0.000004 0.895452 -0.852432 0.001413 -0.000076 0.000070 -0.000001
0.000005 -0.445790 0.827546 0.059505 0.000046 -0.000089 0.000010
0.000008 0.881891 -0.899766 0.522985 -0.000069 0.000066 -0.000043
0.000007 0.655594 -0.749220 -0.968189 -0.000041 0.000050 0.000075
0.000007 0.736410 0.259060 0.472398 -0.000084 -0.000027 -0.000051
0.000003 0.998843 0.777083 -0.533566 -0.000073 -0.000062 0.000044
0.000008 -0.297934 0.026546 0.182216 0.000036 -0.000001 -0.000011
0.000004 -0.175816 0.682948 -0.461299 0.000022 -0.000073 0.000066
0.000002 0.074603 -0.064159 -0.425506 -0.000005 0.000007 0.000070
0.000000 -0.692485 0.143297 0.604752 0.000075 -0.000012 -0.000060
0.000007 0.068884 -0.003034 0.910622 -0.000015 0.000006 -0.000099
0.000008 0.109151 0.781385 0.249680 -0.000017 -0.000090 -0.000019
0.000001 -0.680396 -0.574435 0.429381 0.000069 0.000062 -0.000039
0.000004 -0.817962 -0.450798 -0.993921 0.000057 0.000026 0.000080
0.000002 -0.946169 0.419607 0.875727 0.000079 -0.000032 -0.000068
0.000007 -0.638148 -0.364881 0.773907 0.000060 0.000040 -0.000075
0.000004 -0.699252 0.362651 -0.228326 0.000078 -0.000042 0.000044
0.000008 -0.000519 -0.704852 0.174358 -0.000001 0.000082 -0.000015
0.000001 0.180196 0.910719 0.112289 -0.000021 -0.000099 -0.000003
0.000006 0.966533 -0.182455 -0.716296 -0.000077 0.000012 0.000064
0.000010 -0.495686 -0.022968 -0.071912 0.000062 0.000003 0.000027
0.000006 -0.747867 -0.600431 -0.361455 0.000072 0.000055 0.000046
0.000008 -0.746489 0.302474 0.243255 0.000087 -0.000033 -0.000014
0.000002 -0.504256 -0.047132 -0.221325 0.000061 0.000005 0.000047
0.000001 -0.943169 0.803279 -0.146978 0.000081 -0.000068 0.000027
0.000009 0.894902 -0.179362 -0.737554 -0.000072 0.000012 0.000069
0.000004 -0.815594 -0.675560 -0.857802 0.000059 0.000043 0.000071
0.000005 -0.493840 -0.729706 0.566252 0.000046 0.000076 -0.000054
0.000009 -0.300921 -0.095383 0.617817 0.000030 0.000017 -0.000072
0.000009 0.303254 -0.569438 0.359144 -0.000038 0.000066 -0.000041
0.000005 -0.499695 0.721640 -0.057451 0.000054 -0.000080 0.000025
0.000005 0.200757 0.635051 0.511634 -0.000030 -0.000072 -0.000053
0.000008 0.902641 0.265449 -0.121326 -0.000094 -0.000029 0.000013
0.000010 0.377918 0.404378 0.974199 -0.000044 -0.000035 -0.000092
0.000005 0.702461 -0.421323 0.074844 -0.000079 0.000045 -0.000007
0.000009 -0.793041 -0.171923 0.153428 0.000091 0.000020 -0.000005
0.000007 -0.119917 0.459447 0.738448 0.000006 -0.000049 -0.000080
0.000000 0.601368 0.413027 0.483380 -0.000072 -0.000044 -0.000052
0.000001 0.771975 0.049969 -0.073344 -0.000087 -0.000006 0.000010
0.000007 0.426786 -0.022109 0.335318 -0.000058 0.000005 -0.000040
0.000009 -0.600840 0.833194 0.731706 0.000051 -0.000074 -0.000059
0.000010 0.087888 -0.721529 -0.099285 -0.000009 0.000081 0.000020
0.000005 -0.568871 -0.107943 -0.368474 0.000065 0.000010 0.000061
0.000008 0.762922 -0.120536 -0.064927 -0.000086 0.000013 0.000009
0.000002 -0.269666 -0.576907 0.998142 0.000018 0.000055 -0.000091
0.000000 0.260963 0.232677 -0.998709 -0.000014 -0.000023 0.000101
0.000004 0.546648 0.454619 -0.361595 -0.000056 -0.000051 0.000049
0.000008 0.364957 0.361084 -0.589398 -0.000032 -0.000040 0.000078
0.000001 0.417812 0.657357 -0.810820 -0.000029 -0.000059 0.000083
0.000002 0.527961 0.259114 -0.572223 -0.000049 -0.000029 0.000073
0.000009 -0.837807 -0.222331 0.904242 0.000072 0.000022 -0.000077
0.000003 -0.220270 -0.461511 0.384296 0.000023 0.000059 -0.000042
0.000003 0.553671 0.567666 -0.155056 -0.000061 -0.000065 0.000024
0.000010 -0.612018 -0.977295 -0.616298 0.000047 0.000073 0.000055
0.000004 -0.511845 0.639395 -0.727011 0.000047 -0.000057 0.000079
0.000002 0.201996 -0.646171 0.656638 -0.000025 0.000068 -0.000071
0.000001 0.975793 -0.485624 -0.532756 -0.000081 0.000038 0.000046
0.000008 -0.561112 0.269405 0.391979 0.000066 -0.000030 -0.000036
0.000006 0.392433 0.505821 0.339006 -0.000052 -0.000060 -0.000036
0.000003 -0.887036 0.196412 -0.545919 0.000082 -0.000021 0.000066
0.000005 0.399627 -0.765050 0.525086 -0.000042 0.000076 -0.000055
0.000007 0.107813 0.175956 -0.340607 -0.000010 -0.000022 0.000060
0.000009 -0.713838 -0.676556 -0.029338 0.000072 0.000069 0.000012
0.000003 0.626455 0.113660 0.477938 -0.000077 -0.000011 -0.000055
0.000006 -0.729256 0.057087 -0.378463 0.000079 -0.000009 0.000059
0.000004 0.036167 -0.138290 -0.482239 -0.000000 0.000015 0.000075
0.000004 -0.213939 -0.106253 -0.048184 0.000026 0.000015 0.000023
0.000003 -0.441371 -0.843391 -0.260481 0.000043 0.000082 0.000035
0.000007 0.343524 0.352430 0.027878 -0.000045 -0.000044 0.000006
0.000009 0.441491 0.889414 -0.078590 -0.000045 -0.000092 0.000015
0.000007 -0.356836 -0.079120 0.034302 0.000044 0.000012 0.000011
0.000002 -0.196321 0.211263 0.972904 0.000013 -0.000017 -0.000101
0.000005 0.340153 -0.312325 0.083416 -0.000044 0.000039 -0.000004
0.000006 0.658427 -0.970021 -0.451543 -0.000050 0.000078 0.000038
0.000010 0.092268 0.835611 -0.466713 -0.000005 -0.000084 0.000061
0.000005 -0.506481 0.687876 0.388018 0.000053 -0.000075 -0.000030
0.000007 0.634160 -0.955762 -0.678448 -0.000043 0.000071 0.000054
0.000008 0.415597 -0.126706 0.164826 -0.000055 0.000017 -0.000017
0.000008 0.982979 0.391320 -0.440934 -0.000087 -0.000038 0.000043
0.000001 -0.657585 -0.991404 -0.008612 0.000057 0.000088 0.000006
0.000007 -0.673776 0.806528 0.565941 0.000062 -0.000075 -0.000043
0.000005 -0.127136 -0.987217 0.169561 0.000012 0.000100 -0.000013
0.000002 -0.866207 0.088034 -0.220497 0.000093 -0.000011 0.000040
